81.89   83.19  105.81
116.69  102.29   55.92   76.71   83.09   74.14
88.08   40.03  112.94   58.40   72.07   92.59
105.05   43.74   77.47   83.76   91.78   73.32
111.34   67.61  122.74  110.54  101.28   80.61
107.75   87.09  106.64   80.36   54.19   26.16
75.56   48.38   23.82   26.32   31.49   21.78
39.77   27.55   48.98   59.87   50.18   77.09
33.56   43.86   55.41   43.78   40.55   43.90
41.08   59.41   30.09   40.55   51.37   52.10
58.48   58.96   48.32   65.92   60.74   80.64
30.58   53.69   59.70   49.54   32.53   53.15
49.79   33.20   35.54   24.03   56.02   78.23
35.89   45.45   34.90   49.12   33.00   94.70
39.17   58.25   43.41   73.83   66.60   58.38
51.46   73.13   69.19   75.30   82.56   52.04
87.79   94.58   56.97   79.96   46.24   95.15
82.26   30.08   75.77   63.37   78.98   80.24
57.56   49.85  113.55  103.02   76.63   58.26
44.60   91.01   55.39   71.82   64.26   73.24
41.87   41.98   33.87   85.78   36.38   51.39

68.75   53.39   94.68   36.33   35.13   60.96
55.03   45.59   62.66   62.39   98.25   49.11
65.00   49.83   31.18   64.26   65.98   52.29
59.78   62.25   65.72
33.66   40.48   60.29   38.94   39.72   76.85
40.29   29.36   58.06   33.61   52.04   33.28
46.70   44.88   47.82   48.85   64.71   37.69
44.31   97.48   81.80   42.82   36.95   57.53
