   18.8111114501953125000000000000000000        -51.6830940246582031250000000000000000        0.649069885005103999999999999999999999      
   17.1010093688964843750000000000000000        -46.9846305847167968750000000000000000        0.527872946852815999999999999999999959      
   15.3909091949462890625000000000000000        -42.2861671447753906250000000000000000         1.34889142477078999999999999999999993      
   13.6808080673217773437500000000000000        -37.5877037048339843750000000000000000         1.23447928060298999999999999999999999      
   11.9707069396972656250000000000000000        -32.8892402648925781250000000000000000        0.798641084655739999999999999999999999      
   10.2606058120727539062500000000000000        -28.1907768249511718750000000000000000        0.620003717230158999999999999999999955      
   8.55050468444824218750000000000000000        -23.4923152923583984375000000000000000         1.11608358275268000000000000000000000      
   6.84040403366088867187500000000000000        -18.7938518524169921875000000000000000         1.95993189595551999999999999999999991      
   5.13030290603637695312500000000000000        -14.0953884124755859375000000000000000         1.23110177231132000000000000000000006      
   3.42020201683044433593750000000000000        -9.39692592620849609375000000000000000        0.908872643217885000000000000000000005      
   1.71010100841522216796875000000000000        -4.69846296310424804687500000000000000        0.915809425603368000000000000000000034      
   0.00000000000000000000000000000000000        -0.00000000000000000000000000000000000         1.00570168995295999999999999999999993      
  -1.71010100841522216796875000000000000         4.69846296310424804687500000000000000         1.62638926908357000000000000000000003      
  -3.42020201683044433593750000000000000         9.39692592620849609375000000000000000         1.18803352549119000000000000000000007      
  -5.13030290603637695312500000000000000         14.0953884124755859375000000000000000        0.926972081263082999999999999999999988      
  -6.84040403366088867187500000000000000         18.7938518524169921875000000000000000        0.738358043669828999999999999999999976      
  -8.55050468444824218750000000000000000         23.4923152923583984375000000000000000        0.570904247553125000000000000000000041      
  -10.2606058120727539062500000000000000         28.1907768249511718750000000000000000         1.79508390071723999999999999999999999      
  -11.9707069396972656250000000000000000         32.8892402648925781250000000000000000         1.08317199064341999999999999999999991      
  -13.6808080673217773437500000000000000         37.5877037048339843750000000000000000        0.593298799401983999999999999999999981      
  -1.71010100841522216796875000000000000        -4.69846296310424804687500000000000000        0.867407610177904999999999999999999984      
  -5.13030302524566650390625000000000000        -14.0953888893127441406250000000000000         1.08360673757925999999999999999999995      
  -8.55050504207611083984375000000000000        -23.4923148155212402343750000000000000         1.18438525408148000000000000000000003      
  -11.9707068204879760742187500000000000        -32.8892397880554199218750000000000000         1.01135275769947000000000000000000000      
  -15.3909090757369995117187500000000000        -42.2861666679382324218750000000000000         1.28623448626905000000000000000000000      
   1.71010100841522216796875000000000000         4.69846296310424804687500000000000000         1.33389633729186000000000000000000004      
   5.13030302524566650390625000000000000         14.0953888893127441406250000000000000         1.83910503179750000000000000000000006      
   8.55050504207611083984375000000000000         23.4923148155212402343750000000000000         1.20312218657696999999999999999999999      
   11.9707068204879760742187500000000000         32.8892397880554199218750000000000000        0.553920021887305999999999999999999987      
