   17.1010093688964843750000000000000000        -46.9846305847167968750000000000000000         7.51227813647999000000000000000000038      
   15.3909091949462890625000000000000000        -42.2861671447753906250000000000000000         8.66095726876817000000000000000000027      
   13.6808080673217773437500000000000000        -37.5877037048339843750000000000000000         6.80099357550798000000000000000000016      
   11.9707069396972656250000000000000000        -32.8892402648925781250000000000000000         6.16306467575159999999999999999999981      
   10.2606058120727539062500000000000000        -28.1907768249511718750000000000000000         11.5186416379427999999999999999999997      
   8.55050468444824218750000000000000000        -23.4923152923583984375000000000000000         19.8220130314424000000000000000000007      
   6.84040403366088867187500000000000000        -18.7938518524169921875000000000000000         12.4391229645300999999999999999999999      
   5.13030290603637695312500000000000000        -14.0953884124755859375000000000000000         15.3932229435294999999999999999999998      
   3.42020201683044433593750000000000000        -9.39692592620849609375000000000000000         12.1509673030976000000000000000000003      
   1.71010100841522216796875000000000000        -4.69846296310424804687500000000000000         10.2765095548257999999999999999999997      
   0.00000000000000000000000000000000000        -0.00000000000000000000000000000000000         19.1882935862319000000000000000000003      
  -1.71010100841522216796875000000000000         4.69846296310424804687500000000000000         11.1423632695487999999999999999999997      
  -3.42020201683044433593750000000000000         9.39692592620849609375000000000000000         18.9150057684885000000000000000000011      
  -5.13030290603637695312500000000000000         14.0953884124755859375000000000000000         9.37230015555738999999999999999999959      
  -6.84040403366088867187500000000000000         18.7938518524169921875000000000000000         7.56050375920691000000000000000000032      
  -8.55050468444824218750000000000000000         23.4923152923583984375000000000000000         13.4990309333936000000000000000000002      
  -10.2606058120727539062500000000000000         28.1907768249511718750000000000000000         7.90320575285037000000000000000000028      
  -11.9707069396972656250000000000000000         32.8892402648925781250000000000000000         8.14557210439934999999999999999999928      
  -13.6808080673217773437500000000000000         37.5877037048339843750000000000000000         9.71358839651605999999999999999999997      
  -5.13030302524566650390625000000000000        -14.0953888893127441406250000000000000         9.46036966293001000000000000000000015      
  -8.55050504207611083984375000000000000        -23.4923148155212402343750000000000000         6.35313170849997000000000000000000018      
  -11.9707068204879760742187500000000000        -32.8892397880554199218750000000000000         17.7681523017399000000000000000000014      
  -15.3909090757369995117187500000000000        -42.2861666679382324218750000000000000         17.1576467938460999999999999999999998      
   1.71010100841522216796875000000000000         4.69846296310424804687500000000000000         15.7148839466295000000000000000000006      
   5.13030302524566650390625000000000000         14.0953888893127441406250000000000000         11.9945271014628000000000000000000005      
   8.55050504207611083984375000000000000         23.4923148155212402343750000000000000         9.64603910307715000000000000000000013      
   11.9707068204879760742187500000000000         32.8892397880554199218750000000000000         16.8929686159708000000000000000000010      
