   18.8111114501953125000000000000000000        -51.6830940246582031250000000000000000         0.00000000000000000000000000000000000      
   17.1010093688964843750000000000000000        -46.9846305847167968750000000000000000         4.75836001093682999999999999999999997      
   15.3909091949462890625000000000000000        -42.2861671447753906250000000000000000         6.25023624039321999999999999999999986      
   13.6808080673217773437500000000000000        -37.5877037048339843750000000000000000         4.35785334812517000000000000000000004      
   11.9707069396972656250000000000000000        -32.8892402648925781250000000000000000         3.30209694625441999999999999999999992      
   10.2606058120727539062500000000000000        -28.1907768249511718750000000000000000         4.54223240964365999999999999999999980      
   8.55050468444824218750000000000000000        -23.4923152923583984375000000000000000         13.8683053358268999999999999999999998      
   6.84040403366088867187500000000000000        -18.7938518524169921875000000000000000         6.09677294870493000000000000000000038      
   5.13030290603637695312500000000000000        -14.0953884124755859375000000000000000         8.33745537777442000000000000000000027      
   3.42020201683044433593750000000000000        -9.39692592620849609375000000000000000         9.00157327839616000000000000000000074      
   1.71010100841522216796875000000000000        -4.69846296310424804687500000000000000         5.53722385374641999999999999999999971      
   0.00000000000000000000000000000000000        -0.00000000000000000000000000000000000         7.36806210010020000000000000000000007      
  -1.71010100841522216796875000000000000         4.69846296310424804687500000000000000         15.1899207839769000000000000000000007      
  -3.42020201683044433593750000000000000         9.39692592620849609375000000000000000         7.43106263108640000000000000000000007      
  -5.13030290603637695312500000000000000         14.0953884124755859375000000000000000         4.94397665500425000000000000000000008      
  -6.84040403366088867187500000000000000         18.7938518524169921875000000000000000         4.84746077608185999999999999999999991      
  -8.55050468444824218750000000000000000         23.4923152923583984375000000000000000         4.56495493295352999999999999999999979      
  -10.2606058120727539062500000000000000         28.1907768249511718750000000000000000         5.76004097268367000000000000000000035      
  -11.9707069396972656250000000000000000         32.8892402648925781250000000000000000         3.54313527896489999999999999999999995      
  -13.6808080673217773437500000000000000         37.5877037048339843750000000000000000         5.08234191644339000000000000000000034      
  -1.71010100841522216796875000000000000        -4.69846296310424804687500000000000000         0.00000000000000000000000000000000000      
  -5.13030302524566650390625000000000000        -14.0953888893127441406250000000000000         5.68026449484849000000000000000000022      
  -8.55050504207611083984375000000000000        -23.4923148155212402343750000000000000         5.85051765409462999999999999999999989      
  -11.9707068204879760742187500000000000        -32.8892397880554199218750000000000000         10.0471730371308999999999999999999997      
  -15.3909090757369995117187500000000000        -42.2861666679382324218750000000000000         4.25523194729498999999999999999999977      
   1.71010100841522216796875000000000000         4.69846296310424804687500000000000000         9.37374926653733999999999999999999959      
   5.13030302524566650390625000000000000         14.0953888893127441406250000000000000         10.8602736221054000000000000000000002      
   8.55050504207611083984375000000000000         23.4923148155212402343750000000000000         7.47213503457450000000000000000000012      
   11.9707068204879760742187500000000000         32.8892397880554199218750000000000000         8.52437637643540999999999999999999995      
