   18.8111114501953125000000000000000000        -51.6830940246582031250000000000000000         1.65341121724583000000000000000000010      
   17.1010093688964843750000000000000000        -46.9846305847167968750000000000000000         3.12853077426290000000000000000000015      
   15.3909091949462890625000000000000000        -42.2861671447753906250000000000000000         1.54902993533541000000000000000000006      
   13.6808080673217773437500000000000000        -37.5877037048339843750000000000000000         2.25826049950666999999999999999999984      
   11.9707069396972656250000000000000000        -32.8892402648925781250000000000000000         1.42534985250759000000000000000000005      
   10.2606058120727539062500000000000000        -28.1907768249511718750000000000000000         1.64054239400582999999999999999999995      
   8.55050468444824218750000000000000000        -23.4923152923583984375000000000000000         7.34456091086405000000000000000000015      
   6.84040403366088867187500000000000000        -18.7938518524169921875000000000000000         3.57181381986078999999999999999999994      
   5.13030290603637695312500000000000000        -14.0953884124755859375000000000000000         3.15732613060424999999999999999999999      
   3.42020201683044433593750000000000000        -9.39692592620849609375000000000000000         5.81413894638688999999999999999999968      
   1.71010100841522216796875000000000000        -4.69846296310424804687500000000000000         3.62060101193671000000000000000000007      
   0.00000000000000000000000000000000000        -0.00000000000000000000000000000000000         2.93044289609349000000000000000000007      
  -1.71010100841522216796875000000000000         4.69846296310424804687500000000000000         4.92255039101805000000000000000000005      
  -3.42020201683044433593750000000000000         9.39692592620849609375000000000000000         5.01282065606824000000000000000000026      
  -5.13030290603637695312500000000000000         14.0953884124755859375000000000000000         4.03011842655567000000000000000000000      
  -6.84040403366088867187500000000000000         18.7938518524169921875000000000000000         2.52850760076285000000000000000000001      
  -8.55050468444824218750000000000000000         23.4923152923583984375000000000000000         3.07086959622225000000000000000000000      
  -10.2606058120727539062500000000000000         28.1907768249511718750000000000000000         2.30892755571838000000000000000000014      
  -11.9707069396972656250000000000000000         32.8892402648925781250000000000000000         1.54070841828957999999999999999999992      
  -13.6808080673217773437500000000000000         37.5877037048339843750000000000000000         3.15846616531470999999999999999999989      
  -1.71010100841522216796875000000000000        -4.69846296310424804687500000000000000         2.66201218650001999999999999999999996      
  -5.13030302524566650390625000000000000        -14.0953888893127441406250000000000000         5.61088649444456999999999999999999982      
  -8.55050504207611083984375000000000000        -23.4923148155212402343750000000000000         2.79201150489596999999999999999999997      
  -11.9707068204879760742187500000000000        -32.8892397880554199218750000000000000         1.84777609734666000000000000000000002      
  -15.3909090757369995117187500000000000        -42.2861666679382324218750000000000000         5.16526250064308999999999999999999981      
   1.71010100841522216796875000000000000         4.69846296310424804687500000000000000         2.90176548178440000000000000000000009      
   5.13030302524566650390625000000000000         14.0953888893127441406250000000000000         3.01321806573857000000000000000000013      
   8.55050504207611083984375000000000000         23.4923148155212402343750000000000000         3.65845756789589000000000000000000004      
   11.9707068204879760742187500000000000         32.8892397880554199218750000000000000         2.13872177135430000000000000000000007      
