   18.8111114501953125000000000000000000        -51.6830940246582031250000000000000000         0.00000000000000000000000000000000000      
   17.1010093688964843750000000000000000        -46.9846305847167968750000000000000000         18.2074870965654999999999999999999990      
   15.3909091949462890625000000000000000        -42.2861671447753906250000000000000000         14.5793616301908000000000000000000004      
   13.6808080673217773437500000000000000        -37.5877037048339843750000000000000000         18.4111169304331999999999999999999988      
   11.9707069396972656250000000000000000        -32.8892402648925781250000000000000000         16.7460996568585000000000000000000001      
   10.2606058120727539062500000000000000        -28.1907768249511718750000000000000000         51.6018002041041000000000000000000012      
   8.55050468444824218750000000000000000        -23.4923152923583984375000000000000000         61.9790217327531999999999999999999972      
   6.84040403366088867187500000000000000        -18.7938518524169921875000000000000000         17.5107419034812000000000000000000005      
   5.13030290603637695312500000000000000        -14.0953884124755859375000000000000000         30.7495009872293000000000000000000004      
   3.42020201683044433593750000000000000        -9.39692592620849609375000000000000000         25.9098482406788000000000000000000012      
   1.71010100841522216796875000000000000        -4.69846296310424804687500000000000000         16.7398697090695000000000000000000004      
   0.00000000000000000000000000000000000        -0.00000000000000000000000000000000000         25.3979885858770000000000000000000005      
  -1.71010100841522216796875000000000000         4.69846296310424804687500000000000000         17.2555681112024000000000000000000011      
  -3.42020201683044433593750000000000000         9.39692592620849609375000000000000000         14.2545205210070000000000000000000000      
  -5.13030290603637695312500000000000000         14.0953884124755859375000000000000000         23.1226977276356000000000000000000006      
  -6.84040403366088867187500000000000000         18.7938518524169921875000000000000000         25.9397212401876000000000000000000004      
  -8.55050468444824218750000000000000000         23.4923152923583984375000000000000000         14.1871055526995999999999999999999994      
  -10.2606058120727539062500000000000000         28.1907768249511718750000000000000000         16.8233187106101999999999999999999989      
  -11.9707069396972656250000000000000000         32.8892402648925781250000000000000000         23.1703242935008999999999999999999997      
  -13.6808080673217773437500000000000000         37.5877037048339843750000000000000000         18.4312273803846000000000000000000007      
  -1.71010100841522216796875000000000000        -4.69846296310424804687500000000000000         0.00000000000000000000000000000000000      
  -5.13030302524566650390625000000000000        -14.0953888893127441406250000000000000         25.8157026838662000000000000000000001      
  -8.55050504207611083984375000000000000        -23.4923148155212402343750000000000000         27.4873364556987000000000000000000007      
  -11.9707068204879760742187500000000000        -32.8892397880554199218750000000000000         22.1440796151470999999999999999999991      
  -15.3909090757369995117187500000000000        -42.2861666679382324218750000000000000         26.2678165662457000000000000000000011      
   1.71010100841522216796875000000000000         4.69846296310424804687500000000000000         17.5654273694127000000000000000000007      
   5.13030302524566650390625000000000000         14.0953888893127441406250000000000000         40.5619919873607000000000000000000019      
   8.55050504207611083984375000000000000         23.4923148155212402343750000000000000         35.8159483507393000000000000000000019      
   11.9707068204879760742187500000000000         32.8892397880554199218750000000000000         23.4643332754973999999999999999999996      
