   18.8111114501953125000000000000000000        -51.6830940246582031250000000000000000        0.237374582294381000000000000000000007      
   17.1010093688964843750000000000000000        -46.9846305847167968750000000000000000        0.166583293719142999999999999999999988      
   15.3909091949462890625000000000000000        -42.2861671447753906250000000000000000        0.220692603815699999999999999999999990      
   13.6808080673217773437500000000000000        -37.5877037048339843750000000000000000        0.185041452109346000000000000000000001      
   11.9707069396972656250000000000000000        -32.8892402648925781250000000000000000        0.174587790049280000000000000000000006      
   10.2606058120727539062500000000000000        -28.1907768249511718750000000000000000        0.180404682543729000000000000000000007      
   8.55050468444824218750000000000000000        -23.4923152923583984375000000000000000        0.257260515406125999999999999999999991      
   6.84040403366088867187500000000000000        -18.7938518524169921875000000000000000        0.488775573147770999999999999999999993      
   5.13030290603637695312500000000000000        -14.0953884124755859375000000000000000        0.579219444102706999999999999999999972      
   3.42020201683044433593750000000000000        -9.39692592620849609375000000000000000        0.473189010323438000000000000000000006      
   1.71010100841522216796875000000000000        -4.69846296310424804687500000000000000        0.332397478524057000000000000000000013      
   0.00000000000000000000000000000000000        -0.00000000000000000000000000000000000        0.635663981166999999999999999999999955      
  -1.71010100841522216796875000000000000         4.69846296310424804687500000000000000        0.390411820527953999999999999999999996      
  -3.42020201683044433593750000000000000         9.39692592620849609375000000000000000        0.541616175650233000000000000000000029      
  -5.13030290603637695312500000000000000         14.0953884124755859375000000000000000        0.496262561758663000000000000000000017      
  -6.84040403366088867187500000000000000         18.7938518524169921875000000000000000        0.377742023787151999999999999999999986      
  -8.55050468444824218750000000000000000         23.4923152923583984375000000000000000        0.221421625972056999999999999999999989      
  -10.2606058120727539062500000000000000         28.1907768249511718750000000000000000        0.236306887236650000000000000000000004      
  -11.9707069396972656250000000000000000         32.8892402648925781250000000000000000        0.337710294372599999999999999999999982      
  -13.6808080673217773437500000000000000         37.5877037048339843750000000000000000        0.435843151212710000000000000000000022      
  -1.71010100841522216796875000000000000        -4.69846296310424804687500000000000000        0.325169028840529000000000000000000017      
  -5.13030302524566650390625000000000000        -14.0953888893127441406250000000000000        0.299055454524413000000000000000000010      
  -8.55050504207611083984375000000000000        -23.4923148155212402343750000000000000        0.353236499074810999999999999999999986      
  -11.9707068204879760742187500000000000        -32.8892397880554199218750000000000000        0.282743338823080999999999999999999985      
  -15.3909090757369995117187500000000000        -42.2861666679382324218750000000000000        0.464260915789034000000000000000000020      
   1.71010100841522216796875000000000000         4.69846296310424804687500000000000000        0.577498649556946999999999999999999999      
   5.13030302524566650390625000000000000         14.0953888893127441406250000000000000        0.482467226212133000000000000000000002      
   8.55050504207611083984375000000000000         23.4923148155212402343750000000000000        0.416244208652822999999999999999999986      
   11.9707068204879760742187500000000000         32.8892397880554199218750000000000000        0.438695656603179000000000000000000004      
