   0.00000000       0.00000000       2.16215968    
   5.00000000       0.00000000       1.80071795    
   10.0000000       0.00000000       2.59589100    
   15.0000000       0.00000000       2.50380373    
   20.0000000       0.00000000       3.42768002    
   25.0000000       0.00000000       2.57453942    
   30.0000000       0.00000000       2.18911529    
   35.0000000       0.00000000       2.57453942    
   40.0000000       0.00000000       3.68123627    
   45.0000000       0.00000000       2.14030433    
   0.00000000       6.00000000       2.80746293    
   5.00000000       6.00000000       3.04023242    
   10.0000000       6.00000000       3.23902392    
   15.0000000       6.00000000       4.13039064    
   20.0000000       6.00000000       2.99595141    
   25.0000000       6.00000000       1.84644020    
   30.0000000       6.00000000       2.41100812    
   35.0000000       6.00000000       1.84644020    
   40.0000000       6.00000000       1.71411204    
   45.0000000       6.00000000       1.59064758    
   0.00000000       12.0000000       4.25153780    
   5.00000000       12.0000000       4.83064461    
   10.0000000       12.0000000       1.38394284    
   15.0000000       12.0000000       3.51069760    
   20.0000000       12.0000000       2.59370875    
   25.0000000       12.0000000       1.59558308    
   35.0000000       12.0000000       1.59558308    
   40.0000000       12.0000000       1.59064758    
   45.0000000       12.0000000       2.14562011    
   0.00000000       18.0000000       4.42578125    
   5.00000000       18.0000000       1.86670804    
   10.0000000       18.0000000       2.04641008    
   15.0000000       18.0000000       3.93474436    
   20.0000000       18.0000000       1.81937599    
   25.0000000       18.0000000       1.39152181    
   30.0000000       18.0000000       1.29374695    
   35.0000000       18.0000000       1.39152181    
   40.0000000       18.0000000       3.18457866    
   45.0000000       18.0000000       2.39098978    
   0.00000000       24.0000000       2.48250723    
   5.00000000       24.0000000       3.66748381    
   10.0000000       24.0000000       2.90957975    
   15.0000000       24.0000000       3.05312586    
   20.0000000       24.0000000       2.66672587    
   25.0000000       24.0000000       3.24827981    
   30.0000000       24.0000000       2.43877745    
   35.0000000       24.0000000       3.24827981    
   40.0000000       24.0000000       6.58670664    
   45.0000000       24.0000000       1.23254085    
   0.00000000       30.0000000       1.45596683    
   5.00000000       30.0000000       3.48071098    
   10.0000000       30.0000000       2.26796293    
   15.0000000       30.0000000       3.76334071    
   20.0000000       30.0000000       2.52931404    
   25.0000000       30.0000000       3.28134489    
   30.0000000       30.0000000       2.59651494    
   35.0000000       30.0000000       3.28134489    
   40.0000000       30.0000000       4.29892731    
   45.0000000       30.0000000       2.02359319    
